[app/ui]
version = 6.2.0
modtime = 1437580467.374131000

[app/launcher]
version = 6.2.0
modtime = 1437580467.378215000
